WindowWidth=947
WindowHeight=900
WindowX=0
WindowY=0
VideoModeWidth=640
VideoModeHeight=480
VideoModeBitsPerPixel=32
Fullscreen=0
CameraRotate=0.907569 0.419482 -0.018759 0.000000 -0.082945 0.222891 0.971309 0.000000 0.411628 -0.879974 0.237083 0.000000 0.000000 0.000000 0.000000 1.000000
CameraZoom=-11.000000
LightRotate=0.987959 -0.038033 -0.149979 0.000000 -0.056927 0.811984 -0.580900 0.000000 0.143872 0.582444 0.800039 0.000000 0.000000 0.000000 0.000000 1.000000
FogStart=8.000000
FogEnd=21.000000
